0.000345,0.000012,0.068999,0.000000,0.000000
0.019828,0.040681,4.034500,-0.039313,-3.965500
2.645513,10.673320,4.034500,-10.490782,-3.965500
0.019828,0.040681,0.068999,-0.039313,0.000000
0.000345,0.000012,0.000000,0.000000,0.000000
0.001446,0.000000,0.000000,0.000209,0.289138
0.019277,-0.037161,-3.855431,0.042735,4.144569
2.616647,-10.088303,-3.855431,10.844876,4.144569
0.019277,-0.037161,0.000000,0.042735,0.289138
0.001446,0.000000,0.000000,0.000209,0.000000
0.001586,0.000252,0.317209,0.000000,0.000000
0.019207,0.042983,4.158605,-0.036891,-3.841395
2.666649,11.089537,4.158605,-10.243652,-3.841395
0.019207,0.042983,0.317209,-0.036891,0.000000
0.001586,0.000252,0.000000,0.000000,0.000000
0.001560,0.000000,0.000000,0.000243,0.311916
0.019220,-0.036942,-3.844042,0.042937,4.155958
2.727916,-10.486223,-3.844042,11.337104,4.155958
0.019220,-0.036942,0.000000,0.042937,0.311916
0.001560,0.000000,0.000000,0.000243,0.000000
0.001733,0.000300,0.346643,0.000000,0.000000
0.019133,0.043241,4.173322,-0.036609,-3.826678
2.805092,11.706551,4.173322,-10.734185,-3.826678
0.019133,0.043241,0.346643,-0.036609,0.000000
0.001733,0.000300,0.000000,0.000000,0.000000
0.001693,0.000000,0.000000,0.000286,0.338523
0.019154,-0.036686,-3.830738,0.043170,4.169262
2.897885,-11.101041,-3.830738,12.082043,4.169262
0.019154,-0.036686,0.000000,0.043170,0.338523
0.001693,0.000000,0.000000,0.000286,0.000000
0.001912,0.000366,0.382428,0.000000,0.000000
0.019044,0.043550,4.191214,-0.036267,-3.808786
3.013333,12.629522,4.191214,-11.477139,-3.808786
0.019044,0.043550,0.382428,-0.036267,0.000000
0.001912,0.000366,0.000000,0.000000,0.000000
0.001850,0.000000,0.000000,0.000342,0.369967
0.019075,-0.036386,-3.815017,0.043443,4.184983
3.151056,-12.021332,-3.815017,13.187118,4.184983
0.019075,-0.036386,0.000000,0.043443,0.369967
0.001850,0.000000,0.000000,0.000342,0.000000
0.002135,0.000456,0.426965,0.000000,0.000000
0.018933,0.043928,4.213482,-0.035844,-3.786518
3.322278,13.998358,4.213482,-12.579863,-3.786518
0.018933,0.043928,0.426965,-0.035844,0.000000
0.002135,0.000456,0.000000,0.000000,0.000000
0.002038,0.000000,0.000000,0.000415,0.407601
0.018981,-0.036028,-3.796199,0.043765,4.203801
3.526375,-13.386822,-3.796199,14.824176,4.203801
0.018981,-0.036028,0.000000,0.043765,0.407601
0.002038,0.000000,0.000000,0.000415,0.000000
0.001078,0.000116,0.215558,0.000000,0.000000
0.019461,0.042068,4.107779,-0.037873,-3.892221
3.651924,15.001298,4.107779,-14.214096,-3.892221
0.019461,0.042068,0.215558,-0.037873,0.000000
0.001078,0.000116,0.000000,0.000000,0.000000
0.001166,0.000000,0.000000,0.000136,0.233297
0.019417,-0.037701,-3.883351,0.042231,4.116649
3.709560,-14.405526,-3.883351,15.270956,4.116649
0.019417,-0.037701,0.000000,0.042231,0.233297
0.001166,0.000000,0.000000,0.000136,0.000000
0.001139,0.000130,0.227854,0.000000,0.000000
0.019430,0.042181,4.113927,-0.037754,-3.886073
3.776016,15.534252,4.113927,-14.673873,-3.886073
0.019430,0.042181,0.227854,-0.037754,0.000000
0.001139,0.000130,0.000000,0.000000,0.000000
0.001243,0.000000,0.000000,0.000155,0.248612
0.019378,-0.037553,-3.875694,0.042370,4.124306
3.854167,-14.937572,-3.875694,15.895764,4.124306
0.019378,-0.037553,0.000000,0.042370,0.248612
0.001243,0.000000,0.000000,0.000155,0.000000
0.001208,0.000146,0.241608,0.000000,0.000000
0.019396,0.042307,4.120804,-0.037620,-3.879196
3.943484,16.250323,4.120804,-15.297547,-3.879196
0.019396,0.042307,0.241608,-0.037620,0.000000
0.001208,0.000146,0.000000,0.000000,0.000000
0.000492,0.000000,0.000000,0.000024,0.098458
0.019754,-0.039021,-3.950771,0.040966,4.049229
3.961917,-15.652625,-3.950771,16.042708,4.049229
0.019754,-0.039021,0.000000,0.040966,0.098458
0.000492,0.000000,0.000000,0.000024,0.000000
0.000501,0.000025,0.100123,0.000000,0.000000
0.019750,0.040982,4.050062,-0.039005,-3.949938
3.912856,15.847308,4.050062,-15.455541,-3.949938
0.019750,0.040982,0.100123,-0.039005,0.000000
0.000501,0.000025,0.000000,0.000000,0.000000
0.000505,0.000000,0.000000,0.000025,0.100970
0.019748,-0.038997,-3.949515,0.040991,4.050485
3.863770,-15.260018,-3.949515,15.650142,4.050485
0.019748,-0.038997,0.000000,0.040991,0.100970
0.000505,0.000000,0.000000,0.000025,0.000000
0.000514,0.000026,0.102733,0.000000,0.000000
0.019743,0.041008,4.051367,-0.038979,-3.948633
3.814685,15.454686,4.051367,-15.062791,-3.948633
0.019743,0.041008,0.102733,-0.038979,0.000000
0.000514,0.000026,0.000000,0.000000,0.000000
0.000518,0.000000,0.000000,0.000027,0.103614
0.019741,-0.038971,-3.948193,0.041016,4.051807
3.765572,-14.867206,-3.948193,15.257370,4.051807
0.019741,-0.038971,0.000000,0.041016,0.103614
0.000518,0.000000,0.000000,0.000027,0.000000
0.000527,0.000028,0.105485,0.000000,0.000000
0.019736,0.041034,4.052742,-0.038952,-3.947258
3.716460,15.061854,4.052742,-14.669825,-3.947258
0.019736,0.041034,0.105485,-0.038952,0.000000
0.000527,0.000028,0.000000,0.000000,0.000000
0.000532,0.000000,0.000000,0.000028,0.106400
0.019734,-0.038943,-3.946800,0.041043,4.053200
3.667318,-14.474172,-3.946800,14.864375,4.053200
0.019734,-0.038943,0.000000,0.041043,0.106400
0.000532,0.000000,0.000000,0.000028,0.000000
0.000542,0.000029,0.108389,0.000000,0.000000
0.019729,0.041062,4.054194,-0.038923,-3.945806
3.618178,14.668796,4.054194,-14.276626,-3.945806
0.019729,0.041062,0.108389,-0.038923,0.000000
0.000542,0.000029,0.000000,0.000000,0.000000
0.000547,0.000000,0.000000,0.000030,0.109341
0.019727,-0.038914,-3.945329,0.041071,4.054671
3.569005,-14.080902,-3.945329,14.471141,4.054671
0.019727,-0.038914,0.000000,0.041071,0.109341
0.000547,0.000000,0.000000,0.000030,0.000000
0.000557,0.000031,0.111459,0.000000,0.000000
0.019721,0.041091,4.055729,-0.038893,-3.944271
3.519834,14.275494,4.055729,-13.883177,-3.944271
0.019721,0.041091,0.111459,-0.038893,0.000000
0.000557,0.000031,0.000000,0.000000,0.000000
0.000562,0.000000,0.000000,0.000032,0.112451
0.019719,-0.038883,-3.943775,0.041101,4.056225
3.470628,-13.687375,-3.943775,14.077649,4.056225
0.019719,-0.038883,0.000000,0.041101,0.112451
0.000562,0.000000,0.000000,0.000032,0.000000
0.000574,0.000033,0.114710,0.000000,0.000000
0.019713,0.041122,4.057355,-0.038861,-3.942645
3.421423,13.881928,4.057355,-13.489458,-3.942645
0.019713,0.041122,0.114710,-0.038861,0.000000
0.000574,0.000033,0.000000,0.000000,0.000000
0.000579,0.000000,0.000000,0.000033,0.115743
0.019711,-0.038851,-3.942129,0.041132,4.057871
3.372181,-13.293571,-3.942129,13.683877,4.057871
0.019711,-0.038851,0.000000,0.041132,0.115743
0.000579,0.000000,0.000000,0.000033,0.000000
0.000591,0.000035,0.118158,0.000000,0.000000
0.019705,0.041155,4.059079,-0.038827,-3.940921
3.322940,13.488077,4.059079,-13.095444,-3.940921
0.019705,0.041155,0.118158,-0.038827,0.000000
0.000591,0.000035,0.000000,0.000000,0.000000
0.000596,0.000000,0.000000,0.000036,0.119234
0.019702,-0.038817,-3.940383,0.041166,4.059617
3.273658,-12.899467,-3.940383,13.289800,4.059617
0.019702,-0.038817,0.000000,0.041166,0.119234
0.000596,0.000000,0.000000,0.000036,0.000000
0.000609,0.000037,0.121823,0.000000,0.000000
0.019695,0.041190,4.060911,-0.038791,-3.939089
3.224378,13.093914,4.060911,-12.701112,-3.939089
0.019695,0.041190,0.121823,-0.038791,0.000000
0.000609,0.000037,0.000000,0.000000,0.000000
0.000615,0.000000,0.000000,0.000038,0.122944
0.019693,-0.038780,-3.938528,0.041201,4.061472
3.175054,-12.505037,-3.938528,12.895392,4.061472
0.019693,-0.038780,0.000000,0.041201,0.122944
0.000615,0.000000,0.000000,0.000038,0.000000
0.000629,0.000040,0.125724,0.000000,0.000000
0.019686,0.041228,4.062862,-0.038753,-3.937138
3.125731,12.699412,4.062862,-12.306432,-3.937138
0.019686,0.041228,0.125724,-0.038753,0.000000
0.000629,0.000040,0.000000,0.000000,0.000000
0.000634,0.000000,0.000000,0.000040,0.126894
0.019683,-0.038741,-3.936553,0.041239,4.063447
3.076359,-12.110249,-3.936553,12.500620,4.063447
0.019683,-0.038741,0.000000,0.041239,0.126894
0.000634,0.000000,0.000000,0.000040,0.000000
0.000649,0.000042,0.129887,0.000000,0.000000
0.019675,0.041267,4.064944,-0.038712,-3.935056
3.026989,12.304538,4.064944,-11.911371,-3.935056
0.019675,0.041267,0.129887,-0.038712,0.000000
0.000649,0.000042,0.000000,0.000000,0.000000
0.000656,0.000000,0.000000,0.000043,0.131107
0.019672,-0.038700,-3.934447,0.041279,4.065553
2.977565,-11.715070,-3.934447,12.105449,4.065553
0.019672,-0.038700,0.000000,0.041279,0.131107
0.000656,0.000000,0.000000,0.000043,0.000000
0.000672,0.000045,0.134339,0.000000,0.000000
0.019664,0.041310,4.067170,-0.038668,-3.932830
2.928143,11.909255,4.067170,-11.515891,-3.932830
0.019664,0.041310,0.134339,-0.038668,0.000000
0.000672,0.000045,0.000000,0.000000,0.000000
0.000678,0.000000,0.000000,0.000046,0.135611
0.019661,-0.038655,-3.932195,0.041322,4.067805
2.878662,-11.319460,-3.932195,11.709838,4.067805
0.019661,-0.038655,0.000000,0.041322,0.135611
0.000678,0.000000,0.000000,0.000046,0.000000
0.000696,0.000048,0.139111,0.000000,0.000000
0.019652,0.041355,4.069555,-0.038621,-3.930445
2.829184,11.513520,4.069555,-11.119950,-3.930445
0.019652,0.041355,0.139111,-0.038621,0.000000
0.000696,0.000048,0.000000,0.000000,0.000000
0.000702,0.000000,0.000000,0.000049,0.140437
0.019649,-0.038608,-3.929782,0.041367,4.070218
2.779639,-10.923375,-3.929782,11.313739,4.070218
0.019649,-0.038608,0.000000,0.041367,0.140437
0.000702,0.000000,0.000000,0.000049,0.000000
0.000721,0.000052,0.144239,0.000000,0.000000
0.019639,0.041403,4.072120,-0.038571,-3.927880
2.730097,11.117283,4.072120,-10.723496,-3.927880
0.019639,0.041403,0.144239,-0.038571,0.000000
0.000721,0.000052,0.000000,0.000000,0.000000
0.000728,0.000000,0.000000,0.000053,0.145621
0.019636,-0.038557,-3.927190,0.041416,4.072810
2.680482,-10.526762,-3.927190,10.917096,4.072810
0.019636,-0.038557,0.000000,0.041416,0.145621
0.000728,0.000000,0.000000,0.000053,0.000000
0.000749,0.000056,0.149765,0.000000,0.000000
0.019626,0.041456,4.074883,-0.038516,-3.925117
2.630870,10.720486,4.074883,-10.326473,-3.925117
0.019626,0.041456,0.149765,-0.038516,0.000000
0.000749,0.000056,0.000000,0.000000,0.000000
0.000756,0.000000,0.000000,0.000057,0.151204
0.019622,-0.038502,-3.924398,0.041469,4.075602
2.581175,-10.129559,-3.924398,10.519844,4.075602
0.019622,-0.038502,0.000000,0.041469,0.151204
0.000756,0.000000,0.000000,0.000057,0.000000
0.000779,0.000061,0.155739,0.000000,0.000000
0.019611,0.041512,4.077869,-0.038458,-3.922131
2.531484,10.323061,4.077869,-9.928811,-3.922131
0.019611,0.041512,0.155739,-0.038458,0.000000
0.000779,0.000061,0.000000,0.000000,0.000000
0.000786,0.000000,0.000000,0.000062,0.157236
0.019607,-0.038443,-3.921382,0.041526,4.078618
2.481700,-9.731696,-3.921382,10.121907,4.078618
0.019607,-0.038443,0.000000,0.041526,0.157236
0.000786,0.000000,0.000000,0.000062,0.000000
0.000811,0.000066,0.162216,0.000000,0.000000
0.019594,0.041573,4.081108,-0.038394,-3.918892
2.431920,9.924928,4.081108,-9.530431,-3.918892
0.019594,0.041573,0.162216,-0.038394,0.000000
0.000811,0.000066,0.000000,0.000000,0.000000
0.000819,0.000000,0.000000,0.000067,0.163771
0.019591,-0.038379,-3.918115,0.041587,4.081885
2.382035,-9.333086,-3.918115,9.723194,4.081885
0.019591,-0.038379,0.000000,0.041587,0.163771
0.000819,0.000000,0.000000,0.000067,0.000000
0.000846,0.000072,0.169265,0.000000,0.000000
0.019577,0.041639,4.084633,-0.038325,-3.915367
2.332154,9.525990,4.084633,-9.131238,-3.915367
0.019577,0.041639,0.169265,-0.038325,0.000000
0.000846,0.000072,0.000000,0.000000,0.000000
0.000854,0.000000,0.000000,0.000073,0.170875
0.019573,-0.038309,-3.914562,0.041654,4.085438
2.282153,-8.933630,-3.914562,9.323594,4.085438
0.019573,-0.038309,0.000000,0.041654,0.170875
0.000854,0.000000,0.000000,0.000073,0.000000
0.000885,0.000078,0.176967,0.000000,0.000000
0.019558,0.041711,4.088483,-0.038250,-3.911517
2.232156,9.126133,4.088483,-8.731116,-3.911517
0.019558,0.041711,0.176967,-0.038250,0.000000
0.000885,0.000078,0.000000,0.000000,0.000000
0.000893,0.000000,0.000000,0.000080,0.178628
0.019553,-0.038234,-3.910686,0.041726,4.089314
2.182023,-8.533206,-3.910686,8.922976,4.089314
0.019553,-0.038234,0.000000,0.041726,0.178628
0.000893,0.000000,0.000000,0.000080,0.000000
0.000927,0.000086,0.185416,0.000000,0.000000
0.019536,0.041790,4.092708,-0.038167,-3.907292
2.131893,8.725214,4.092708,-8.329927,-3.907292
0.019536,0.041790,0.185416,-0.038167,0.000000
0.000927,0.000086,0.000000,0.000000,0.000000
0.000936,0.000000,0.000000,0.000088,0.187122
0.019532,-0.038151,-3.906439,0.041806,4.093561
2.081605,-8.131665,-3.906439,8.521178,4.093561
0.019532,-0.038151,0.000000,0.041806,0.187122
0.000936,0.000000,0.000000,0.000088,0.000000
0.000974,0.000095,0.194730,0.000000,0.000000
0.019513,0.041876,4.097365,-0.038076,-3.902635
2.031321,8.323062,4.097365,-7.927504,-3.902635
0.019513,0.041876,0.194730,-0.038076,0.000000
0.000974,0.000095,0.000000,0.000000,0.000000
0.000982,0.000000,0.000000,0.000096,0.196468
0.019509,-0.038059,-3.901766,0.041892,4.098234
1.980853,-7.728827,-3.901766,8.118000,4.098234
0.019509,-0.038059,0.000000,0.041892,0.196468
0.000982,0.000000,0.000000,0.000096,0.000000
0.001025,0.000105,0.205050,0.000000,0.000000
0.019487,0.041972,4.102525,-0.037976,-3.897475
1.930387,7.919463,4.102525,-7.523637,-3.897475
0.019487,0.041972,0.205050,-0.037976,0.000000
0.001025,0.000105,0.000000,0.000000,0.000000
0.001034,0.000000,0.000000,0.000107,0.206801
0.019483,-0.037959,-3.896599,0.041988,4.103401
1.879707,-7.324467,-3.896599,7.713192,4.103401
0.019483,-0.037959,0.000000,0.041988,0.206801
0.001034,0.000000,0.000000,0.000107,0.000000
0.001083,0.000117,0.216553,0.000000,0.000000
0.019459,0.042078,4.108276,-0.037864,-3.891724
1.829027,7.514147,4.108276,-7.118066,-3.891724
0.019459,0.042078,0.216553,-0.037864,0.000000
0.001083,0.000117,0.000000,0.000000,0.000000
0.001091,0.000000,0.000000,0.000119,0.218287
0.019454,-0.037847,-3.890856,0.042094,4.109144
1.778092,-6.918302,-3.890856,7.306437,4.109144
0.019454,-0.037847,0.000000,0.042094,0.218287
0.001091,0.000000,0.000000,0.000119,0.000000
0.001147,0.000132,0.229457,0.000000,0.000000
0.019426,0.042196,4.114729,-0.037738,-3.885271
1.727154,7.106771,4.114729,-6.710463,-3.885271
0.019426,0.042196,0.229457,-0.037738,0.000000
0.001147,0.000132,0.000000,0.000000,0.000000
0.001156,0.000000,0.000000,0.000134,0.231131
0.019422,-0.037722,-3.884435,0.042211,4.115565
1.675912,-6.509972,-3.884435,6.897327,4.115565
0.019422,-0.037722,0.000000,0.042211,0.231131
0.001156,0.000000,0.000000,0.000134,0.000000
0.001220,0.000149,0.244042,0.000000,0.000000
0.019390,0.042329,4.122021,-0.037597,-3.877979
1.624662,6.696889,4.122021,-6.300404,-3.877979
0.019390,0.042329,0.244042,-0.037597,0.000000
0.001220,0.000149,0.000000,0.000000,0.000000
0.001228,0.000000,0.000000,0.000151,0.245587
0.019386,-0.037582,-3.877207,0.042343,4.122793
1.573042,-6.099011,-3.877207,6.485329,4.122793
0.019386,-0.037582,0.000000,0.042343,0.245587
0.001228,0.000000,0.000000,0.000151,0.000000
0.001303,0.000170,0.260666,0.000000,0.000000
0.019348,0.042479,4.130333,-0.037436,-3.869667
1.521406,6.283915,4.130333,-5.887336,-3.869667
0.019348,0.042479,0.260666,-0.037436,0.000000
0.001303,0.000170,0.000000,0.000000,0.000000
0.001310,0.000000,0.000000,0.000172,0.261977
0.019345,-0.037423,-3.869011,0.042491,4.130989
1.469317,-5.684804,-3.869011,6.069732,4.130989
0.019345,-0.037423,0.000000,0.042491,0.261977
0.001310,0.000000,0.000000,0.000172,0.000000
0.001399,0.000196,0.279800,0.000000,0.000000
0.019301,0.042651,4.139900,-0.037251,-3.860100
1.417198,5.867057,4.139900,-5.470525,-3.860100
0.019301,0.042651,0.279800,-0.037251,0.000000
0.001399,0.000196,0.000000,0.000000,0.000000
0.001404,0.000000,0.000000,0.000197,0.280718
0.019298,-0.037242,-3.859641,0.042659,4.140359
1.364512,-5.266526,-3.859641,5.649569,4.140359
0.019298,-0.037242,0.000000,0.042659,0.280718
0.001404,0.000000,0.000000,0.000197,0.000000
0.001510,0.000228,0.302076,0.000000,0.000000
0.019245,0.042850,4.151038,-0.037036,-3.848962
1.311775,5.445226,4.151038,-5.048970,-3.848962
0.019245,0.042850,0.302076,-0.037036,0.000000
0.001510,0.000228,0.000000,0.000000,0.000000
0.001512,0.000000,0.000000,0.000229,0.302348
0.019244,-0.037034,-3.848826,0.042852,4.151174
1.258316,-4.843039,-3.848826,5.223489,4.151174
0.019244,-0.037034,0.000000,0.042852,0.302348
0.001512,0.000000,0.000000,0.000229,0.000000
0.001642,0.000270,0.328362,0.000000,0.000000
0.019179,0.043081,4.164181,-0.036784,-3.835819
1.204771,5.016884,4.164181,-4.621282,-3.835819
0.019179,0.043081,0.328362,-0.036784,0.000000
0.001642,0.000270,0.000000,0.000000,0.000000
0.001638,0.000000,0.000000,0.000268,0.327586
0.019181,-0.036791,-3.836207,0.043075,4.163793
1.150287,-4.412738,-3.836207,4.789556,4.163793
0.019181,-0.036791,0.000000,0.043075,0.327586
0.001638,0.000000,0.000000,0.000268,0.000000
0.001799,0.000324,0.359889,0.000000,0.000000
0.019100,0.043356,4.179944,-0.036482,-3.820056
1.095656,4.579782,4.179944,-4.185468,-3.820056
0.019100,0.043356,0.359889,-0.036482,0.000000
0.001799,0.000324,0.000000,0.000000,0.000000
0.001787,0.000000,0.000000,0.000319,0.357400
0.019107,-0.036506,-3.821300,0.043334,4.178700
1.039772,-3.973281,-3.821300,4.344895,4.178700
0.019107,-0.036506,0.000000,0.043334,0.357400
0.001787,0.000000,0.000000,0.000319,0.000000
0.001992,0.000397,0.398460,0.000000,0.000000
0.019004,0.043687,4.199230,-0.036115,-3.800770
0.983638,4.130520,4.199230,-3.738580,-3.800770
0.019004,0.043687,0.398460,-0.036115,0.000000
0.001992,0.000397,0.000000,0.000000,0.000000
0.001966,0.000000,0.000000,0.000386,0.393127
0.019017,-0.036165,-3.803437,0.043641,4.196563
0.925775,-3.521128,-3.803437,3.885075,4.196563
0.019017,-0.036165,0.000000,0.043641,0.393127
0.001966,0.000000,0.000000,0.000386,0.000000
0.002234,0.000499,0.446847,0.000000,0.000000
0.018883,0.044094,4.223423,-0.035656,-3.776577
0.867474,3.663711,4.223423,-3.276083,-3.776577
0.018883,0.044094,0.446847,-0.035656,0.000000
0.002234,0.000499,0.000000,0.000000,0.000000
0.002183,0.000000,0.000000,0.000477,0.436650
0.018908,-0.035753,-3.781675,0.044009,4.218325
0.806700,-3.050676,-3.781675,3.402922,4.218325
0.018908,-0.035753,0.000000,0.044009,0.436650
0.002183,0.000000,0.000000,0.000477,0.000000
0.002548,0.000649,0.509550,0.000000,0.000000
0.018726,0.044609,4.254775,-0.035067,-3.745225
0.745124,3.170334,4.254775,-2.790656,-3.745225
0.018726,0.044609,0.509550,-0.035067,0.000000
0.002548,0.000649,0.000000,0.000000,0.000000
0.002453,0.000000,0.000000,0.000602,0.490664
0.018773,-0.035244,-3.754668,0.044455,4.245332
0.679835,-2.552555,-3.754668,2.886126,4.245332
0.018773,-0.035244,0.000000,0.044455,0.490664
0.002453,0.000000,0.000000,0.000602,0.000000
0.002972,0.000883,0.594437,0.000000,0.000000
0.018514,0.045282,4.297219,-0.034276,-3.702781
0.612993,2.634165,4.297219,-2.269779,-3.702781
0.018514,0.045282,0.594437,-0.034276,0.000000
0.002972,0.000883,0.000000,0.000000,0.000000
0.002795,0.000000,0.000000,0.000781,0.559026
0.018602,-0.034605,-3.720487,0.045004,4.279513
0.540230,-2.009917,-3.720487,2.311920,4.279513
0.018602,-0.034605,0.000000,0.045004,0.559026
0.002795,0.000000,0.000000,0.000781,0.000000
0.006739,0.004541,1.347732,0.000000,0.000000
0.016631,0.050072,4.673866,-0.027658,-3.326134
0.508211,2.375310,4.673866,-1.690378,-3.326134
0.016631,0.050072,1.347732,-0.027658,0.000000
0.006739,0.004541,0.000000,0.000000,0.000000
0.006739,0.000000,0.000000,0.004541,1.347732
0.016631,-0.027658,-3.326134,0.050072,4.673866
0.508421,-1.691076,-3.326134,2.376292,4.673866
0.016631,-0.027658,0.000000,0.050072,1.347732
0.006739,0.000000,0.000000,0.004541,0.000000
0.006739,0.004541,1.347732,0.000000,0.000000
0.016631,0.050072,4.673866,-0.027658,-3.326134
0.508716,2.377671,4.673866,-1.692058,-3.326134
0.016631,0.050072,1.347732,-0.027658,0.000000
0.006739,0.004541,0.000000,0.000000,0.000000
0.006739,0.000000,0.000000,0.004541,1.347732
0.016631,-0.027658,-3.326134,0.050072,4.673866
0.509131,-1.693438,-3.326134,2.379610,4.673866
0.016631,-0.027658,0.000000,0.050072,1.347732
0.006739,0.000000,0.000000,0.004541,0.000000
0.006739,0.004541,1.347732,0.000000,0.000000
0.016631,0.050072,4.673866,-0.027658,-3.326134
0.509714,2.382335,4.673866,-1.695377,-3.326134
0.016631,0.050072,1.347732,-0.027658,0.000000
0.006739,0.004541,0.000000,0.000000,0.000000
0.006739,0.000000,0.000000,0.004541,1.347732
0.016631,-0.027658,-3.326134,0.050072,4.673866
0.510533,-1.698101,-3.326134,2.386163,4.673866
0.016631,-0.027658,0.000000,0.050072,1.347732
0.006739,0.000000,0.000000,0.004541,0.000000
0.006739,0.004541,1.347732,0.000000,0.000000
0.016631,0.050072,4.673866,-0.027658,-3.326134
0.511684,2.391543,4.673866,-1.701930,-3.326134
0.016631,0.050072,1.347732,-0.027658,0.000000
0.006739,0.004541,0.000000,0.000000,0.000000
0.006739,0.000000,0.000000,0.004541,1.347732
0.016631,-0.027658,-3.326134,0.050072,4.673866
0.513301,-1.707309,-3.326134,2.399102,4.673866
0.016631,-0.027658,0.000000,0.050072,1.347732
0.006739,0.000000,0.000000,0.004541,0.000000
0.006739,0.004541,1.347732,0.000000,0.000000
0.016631,0.050072,4.673866,-0.027658,-3.326134
0.515574,2.409725,4.673866,-1.714869,-3.326134
0.016631,0.050072,1.347732,-0.027658,0.000000
0.006739,0.004541,0.000000,0.000000,0.000000
0.006739,0.000000,0.000000,0.004541,1.347732
0.016631,-0.027658,-3.326134,0.050072,4.673866
0.518768,-1.725492,-3.326134,2.424652,4.673866
0.016631,-0.027658,0.000000,0.050072,1.347732
0.006739,0.000000,0.000000,0.004541,0.000000
0.006739,0.004541,1.347732,0.000000,0.000000
0.016631,0.050072,4.673866,-0.027658,-3.326134
0.523256,2.445627,4.673866,-1.740418,-3.326134
0.016631,0.050072,1.347732,-0.027658,0.000000
0.006739,0.004541,0.000000,0.000000,0.000000
0.006739,0.000000,0.000000,0.004541,1.347732
0.016631,-0.027658,-3.326134,0.050072,4.673866
0.529562,-1.761393,-3.326134,2.475101,4.673866
0.016631,-0.027658,0.000000,0.050072,1.347732
0.006739,0.000000,0.000000,0.004541,0.000000
0.006739,0.004541,1.347732,0.000000,0.000000
0.016631,0.050072,4.673866,-0.027658,-3.326134
0.538423,2.516517,4.673866,-1.790867,-3.326134
0.016631,0.050072,1.347732,-0.027658,0.000000
0.006739,0.004541,0.000000,0.000000,0.000000
0.006739,0.000000,0.000000,0.004541,1.347732
0.016631,-0.027658,-3.326134,0.050072,4.673866
0.550875,-1.832284,-3.326134,2.574716,4.673866
0.016631,-0.027658,0.000000,0.050072,1.347732
0.006739,0.000000,0.000000,0.004541,0.000000
0.006739,0.004541,1.347732,0.000000,0.000000
0.016631,0.050072,4.673866,-0.027658,-3.326134
0.568372,2.656496,4.673866,-1.890482,-3.326134
0.016631,0.050072,1.347732,-0.027658,0.000000
0.006739,0.004541,0.000000,0.000000,0.000000
0.006739,0.000000,0.000000,0.004541,1.347732
0.016631,-0.027658,-3.326134,0.050072,4.673866
0.592959,-1.972263,-3.326134,2.771413,4.673866
0.016631,-0.027658,0.000000,0.050072,1.347732
0.006739,0.000000,0.000000,0.004541,0.000000
0.006739,0.004541,1.347732,0.000000,0.000000
0.016631,0.050072,4.673866,-0.027658,-3.326134
0.627509,2.932894,4.673866,-2.087180,-3.326134
0.016631,0.050072,1.347732,-0.027658,0.000000
0.006739,0.004541,0.000000,0.000000,0.000000
0.006739,0.000000,0.000000,0.004541,1.347732
0.016631,-0.027658,-3.326134,0.050072,4.673866
0.676058,-2.248661,-3.326134,3.159806,4.673866
0.016631,-0.027658,0.000000,0.050072,1.347732
0.006739,0.000000,0.000000,0.004541,0.000000
0.006739,0.004541,1.347732,0.000000,0.000000
0.016631,0.050072,4.673866,-0.027658,-3.326134
0.744279,3.478662,4.673866,-2.475573,-3.326134
0.016631,0.050072,1.347732,-0.027658,0.000000
0.006739,0.004541,0.000000,0.000000,0.000000
0.006739,0.000000,0.000000,0.004541,1.347732
0.016631,-0.027658,-3.326134,0.050072,4.673866
0.840143,-2.794428,-3.326134,3.926716,4.673866
0.016631,-0.027658,0.000000,0.050072,1.347732
0.006739,0.000000,0.000000,0.004541,0.000000
0.006739,0.004541,1.347732,0.000000,0.000000
0.016631,0.050072,4.673866,-0.027658,-3.326134
0.974850,4.556320,4.673866,-3.242483,-3.326134
0.016631,0.050072,1.347732,-0.027658,0.000000
0.006739,0.004541,0.000000,0.000000,0.000000
0.006739,0.000000,0.000000,0.004541,1.347732
0.016631,-0.027658,-3.326134,0.050072,4.673866
1.164140,-3.872086,-3.326134,5.441035,4.673866
0.016631,-0.027658,0.000000,0.050072,1.347732
0.006739,0.000000,0.000000,0.004541,0.000000
0.006739,0.004541,1.347732,0.000000,0.000000
0.016631,0.050072,4.673866,-0.027658,-3.326134
1.430129,6.684233,4.673866,-4.756802,-3.326134
0.016631,0.050072,1.347732,-0.027658,0.000000
0.006739,0.004541,0.000000,0.000000,0.000000
