0.036384
0.036294
0.036204
0.036123
0.036047
0.035980
0.035920
0.035867
0.035819
0.035774
0.035733
0.035692
0.035652
0.035613
0.035574
0.035534
0.035495
0.035456
0.035416
0.035377
0.035337
0.035298
0.035259
0.035219
0.035180
0.035142
0.035103
0.035065
0.035027
0.034989
0.034952
0.034914
0.034876
0.034838
0.034799
0.034761
0.034723
0.034684
0.034645
0.034606
0.034567
0.034528
0.034489
0.034450
0.034411
0.034373
0.034334
0.034295
0.034257
0.034219
0.034181
0.034142
0.034104
0.034066
0.034028
0.033989
0.033951
0.033912
0.033873
0.033834
0.033795
0.033755
0.033716
0.033676
0.033636
0.033596
0.033557
0.033517
0.033478
0.033439
0.033400
0.033362
0.033324
0.033287
0.033249
0.033212
0.033174
0.033137
0.033099
0.033061
0.033023
0.032985
0.032946
0.032907
0.032868
0.032829
0.032789
0.032749
0.032710
0.032670
0.032630
0.032591
0.032552
0.032513
0.032475
0.032437
0.032400
0.032362
0.032325
0.032288
0.032250
0.032213
0.032175
0.032137
0.032098
0.032060
0.032021
0.031982
0.031943
0.031904
0.031865
0.031825
0.031786
0.031746
0.031707
0.031668
0.031630
0.031592
0.031554
0.031516
0.031478
0.031441
0.031403
0.031365
0.031327
0.031289
0.031250
0.031212
0.031173
0.031134
0.031096
0.031057
0.031019
0.030980
0.030942
0.030903
0.030865
0.030827
0.030788
0.030750
0.030712
0.030673
0.030635
0.030596
0.030557
0.030519
0.030480
0.030441
0.030402
0.030363
0.030324
0.030285
0.030246
0.030207
0.030168
0.030130
0.030091
0.030052
0.030013
0.029974
0.029936
0.029897
0.029859
0.029821
0.029783
0.029745
0.029706
0.029668
0.029630
0.029591
0.029553
0.029514
0.029475
0.029436
0.029397
0.029359
0.029320
0.029281
0.029241
0.029202
0.029163
0.029124
0.029085
0.029046
0.029008
0.028969
0.028931
0.028893
0.028854
0.028816
0.028778
0.028740
0.028702
0.028664
0.028625
0.028587
0.028548
0.028509
0.028471
0.028432
0.028393
0.028354
0.028315
0.028276
0.028237
0.028198
0.028159
0.028120
0.028082
0.028044
0.028005
0.027967
0.027929
0.027891
0.027853
0.027815
0.027776
0.027738
0.027699
0.027661
0.027622
0.027583
0.027544
0.027505
0.027467
0.027428
0.027389
0.027350
0.027311
0.027273
0.027234
0.027196
0.027157
0.027119
0.027081
0.027043
0.027005
0.026966
0.026928
0.026889
0.026851
0.026812
0.026773
0.026735
0.026696
0.026657
0.026618
0.026580
0.026541
0.026502
0.026464
0.026425
0.026387
0.026349
0.026310
0.026272
0.026234
0.026195
0.026157
0.026118
0.026080
0.026041
0.026002
0.025963
0.025925
0.025886
0.025847
0.025808
0.025769
0.025731
0.025692
0.025654
0.025615
0.025577
0.025539
0.025501
0.025462
0.025424
0.025386
0.025348
0.025309
0.025270
0.025232
0.025193
0.025154
0.025115
0.025076
0.025037
0.024998
0.024959
0.024920
0.024881
0.024843
0.024804
0.024765
0.024727
0.024688
0.024650
0.024611
0.024573
0.024535
0.024496
0.024458
0.024420
0.024381
0.024343
0.024304
0.024265
0.024226
0.024187
0.024148
0.024109
0.024070
0.024030
0.023991
0.023951
0.023911
0.023871
0.023830
0.023791
0.023751
0.023712
0.023673
0.023635
0.023597
0.023560
0.023523
0.023486
0.023449
0.023412
0.023374
0.023336
0.023298
0.023260
0.023221
0.023182
0.023143
0.023104
0.023064
0.023024
0.022985
0.022945
0.022905
0.022866
0.022827
0.022789
0.022750
0.022713
0.022675
0.022638
0.022601
0.022563
0.022526
0.022488
0.022450
0.022411
0.022373
0.022334
0.022295
0.022256
0.022217
0.022178
0.022138
0.022099
0.022060
0.022020
0.021981
0.021943
0.021904
0.021866
0.021828
0.021791
0.021753
0.021715
0.021677
0.021639
0.021601
0.021563
0.021524
0.021485
0.021446
0.021407
0.021368
0.021329
0.021290
0.021250
0.021211
0.021172
0.021133
0.021094
0.021055
0.021017
0.020979
0.020941
0.020904
0.020866
0.020828
0.020791
0.020752
0.020714
0.020675
0.020637
0.020598
0.020559
0.020520
0.020481
0.020442
0.020403
0.020364
0.020325
0.020286
0.020247
0.020209
0.020170
0.020132
0.020094
0.020056
0.020018
0.019980
0.019942
0.019904
0.019866
0.019827
0.019788
0.019749
0.019710
0.019671
0.019632
0.019593
0.019554
0.019515
0.019476
0.019437
0.019399
0.019360
0.019321
0.019283
0.019245
0.019207
0.019169
0.019131
0.019093
0.019055
0.019017
0.018978
0.018939
0.018900
0.018861
0.018822
0.018783
0.018744
0.018705
0.018667
0.018628
0.018589
0.018551
0.018512
0.018474
0.018435
0.018397
0.018359
0.018321
0.018283
0.018245
0.018206
0.018168
0.018129
0.018091
0.018052
0.018013
0.017974
0.017934
0.017895
0.017856
0.017817
0.017778
0.017739
0.017700
0.017661
0.017622
0.017583
0.017544
0.017505
0.017467
0.017428
0.017390
0.017352
0.017314
0.017276
0.017238
0.017200
0.017162
0.017123
0.017085
0.017046
0.017007
0.016968
0.016929
0.016890
0.016851
0.016812
0.016774
0.016735
0.016696
0.016657
0.016618
0.016579
0.016541
0.016502
0.016464
0.016426
0.016389
0.016350
0.016312
0.016274
0.016235
0.016197
0.016158
0.016119
0.016080
0.016041
0.016002
0.015963
0.015924
0.015885
0.015845
0.015806
0.015767
0.015728
0.015689
0.015651
0.015613
0.015575
0.015538
0.015501
0.015463
0.015425
0.015387
0.015348
0.015309
0.015270
0.015231
0.015192
0.015153
0.015114
0.015075
0.015036
0.014998
0.014959
0.014920
0.014881
0.014843
0.014805
0.014767
0.014729
0.014691
0.014654
0.014616
0.014578
0.014539
0.014500
0.014461
0.014422
0.014383
0.014343
0.014304
0.014265
0.014226
0.014187
0.014149
0.014110
0.014072
0.014034
0.013996
0.013958
0.013920
0.013882
0.013844
0.013806
0.013768
0.013730
0.013691
0.013652
0.013613
0.013574
0.013534
0.013495
0.013455
0.013416
0.013377
0.013338
0.013299
0.013260
0.013222
0.013183
0.013145
0.013107
0.013069
0.013032
0.012994
0.012956
0.012918
0.012880
0.012842
0.012803
0.012764
0.012725
0.012686
0.012646
0.012607
0.012567
0.012528
0.012488
0.012449
0.012411
0.012372
0.012333
0.012295
0.012257
0.012219
0.012181
0.012143
0.012106
0.012068
0.012030
0.011992
0.011954
0.011916
0.011877
0.011837
0.011798
0.011758
0.011719
0.011679
0.011639
0.011600
0.011561
0.011522
0.011483
0.011444
0.011405
0.011367
0.011328
0.011290
0.011252
0.011214
0.011176
0.011138
0.011101
0.011063
0.011025
0.010987
0.010948
0.010909
0.010870
0.010830
0.010791
0.010751
0.010711
0.010672
0.010633
0.010594
0.010555
0.010517
0.010479
0.010441
0.010404
0.010366
0.010329
0.010291
0.010254
0.010217
0.010179
0.010141
0.010102
0.010063
0.010023
0.009983
0.009943
0.009903
0.009863
0.009823
0.009783
0.009744
0.009705
0.009666
0.009627
0.009589
0.009551
0.009513
0.009475
0.009437
0.009399
0.009361
0.009324
0.009286
0.009248
0.009211
0.009172
0.009134
0.009094
0.009055
0.009014
0.008974
0.008934
0.008894
0.008854
0.008815
0.008776
0.008737
0.008699
0.008661
0.008623
0.008585
0.008547
0.008510
0.008472
0.008434
0.008397
0.008359
0.008321
0.008283
0.008245
0.008206
0.008166
0.008126
0.008086
0.008046
0.008005
0.007965
0.007926
0.007886
0.007847
0.007809
0.007770
0.007732
0.007694
0.007657
0.007619
0.007582
0.007545
0.007508
0.007472
0.007435
0.007397
0.007359
0.007320
0.007281
0.007240
0.007199
0.007158
0.007117
0.007077
0.007036
0.006996
0.006957
0.006918
0.006879
0.006841
0.006803
0.006765
0.006728
0.006692
0.006655
0.006618
0.006581
0.006542
0.006502
0.006459
0.006415
0.006366
0.006315
0.006261
0.006206
0.006150
0.006094
0.006037
0.005982
0.005927
0.005872
0.005819
0.005766
0.005714
0.005663
0.005613
0.005563
0.005514
0.005465
0.005417
0.005370
0.005324
0.005277
0.005230
0.005182
0.005131
0.005078
0.005019
0.004959
0.004895
0.004829
0.004763
0.004697
0.004632
0.004569
0.004505
0.004443
0.004380
0.004316
0.004252
0.004187
0.004126
0.004069
0.004017
0.003972
0.003930
0.003892
0.003854
0.003814
0.003774
0.003734
0.003695
0.003654
0.003611
0.003566
0.003519
0.003470
0.003420
0.003372
0.003324
0.003278
0.003232
0.003188
0.003145
0.003100
0.003055
0.003009
0.002963
0.002918
0.002881
0.002847
0.002819
0.002791
0.002762
0.002732
0.002702
0.002672
0.002644
0.002616
0.002587
0.002559
0.002526
0.002492
0.002457
0.002421
0.002386
0.002352
0.002319
0.002285
0.002252
0.002217
0.002181
0.002144
0.002111
0.002079
0.002054
0.002033
0.002014
0.001996
0.001977
0.001955
0.001934
0.001913
0.001892
0.001873
0.001853
0.001833
0.001811
0.001788
0.001764
0.001739
0.001714
0.001689
0.001664
0.001638
0.001613
0.001586
0.001559
0.001534
0.001510
0.001490
0.001474
0.001460
0.001447
0.001433
0.001417
0.001401
0.001384
0.001369
0.001354
0.001341
0.001328
0.001315
0.001300
0.001284
0.001266
0.001248
0.001229
0.001209
0.001188
0.001167
0.001146
0.001126
0.001109
0.001095
0.001083
0.001073
0.001062
0.001052
0.001040
0.001028
0.001015
0.001003
0.000990
0.000979
0.000968
0.000958
0.000949
0.000941
0.000930
0.000920
0.000907
0.000895
0.000879
0.000862
0.000844
0.000827
0.000813
0.000806
0.000799
0.000792
0.000783
0.000771
0.000759
0.000750
0.000742
0.000736
0.000729
0.000720
0.000711
0.000701
0.000691
0.000685
0.000679
0.000673
0.000667
0.000660
0.000651
0.000642
0.000631
0.000615
0.000594
0.000586
0.000584
0.000582
0.000579
0.000568
0.000552
0.000507
0.000481
0.000525
0.000530
0.000531
0.000525
0.000517
0.000507
0.000468
0.000447
0.000468
0.000488
0.000483
0.000478
0.000473
0.000469
0.000462
0.000455
0.000448
0.000441
0.000435
0.000419
0.000398
0.000414
0.000411
0.000406
0.000401
0.000396
0.000391
0.000382
0.000371
0.000365
0.000372
