0.062500
0.061963
0.059763
0.057438
0.055241
0.052897
0.050704
0.048335
0.046149
0.043749
0.041574
0.040468
0.039305
0.038201
0.037032
0.035930
0.035490
0.035049
0.034609
0.034167
0.033728
0.033286
0.032846
0.032404
0.031964
0.031522
0.031082
0.030639
0.030199
0.029756
0.029316
0.028873
0.028433
0.027989
0.027549
0.027105
0.026665
0.026220
0.025780
0.025335
0.024894
0.024449
0.024008
0.023563
0.023122
0.022676
0.022235
0.021788
0.021347
0.020900
0.020458
0.020010
0.019568
0.019120
0.018678
0.018229
0.017786
0.017336
0.016894
0.016442
0.016000
0.015547
0.015104
0.014650
0.014207
0.013752
0.013309
0.012851
0.012408
0.011948
0.011504
0.011041
0.010598
0.010132
0.009689
0.009218
0.008775
0.008298
0.007857
0.007371
0.006932
0.006435
0.006000
0.005062
0.004270
0.003602
0.003039
0.002563
0.002162
0.001824
0.001539
0.001298
0.001095
0.000924
0.000779
0.000657
0.000555
0.000468
0.000395
0.000333
0.000281
0.000237
0.000200
0.000169
0.000142
0.000120
