2.645513
5.262160
7.928809
10.656725
13.461817
16.359702
19.373035
22.524091
25.846369
29.372743
33.024668
36.734228
40.510244
44.364411
48.307894
52.269811
56.182667
60.046437
63.861122
67.626694
71.343153
75.010472
78.628650
82.197655
85.717489
89.188117
92.609540
95.981721
99.304661
102.578320
105.802698
108.977752
112.103482
115.179841
118.206829
121.184394
124.112538
126.991200
129.820384
132.600023
135.330120
138.010602
140.641472
143.222648
145.754132
148.235832
150.667752
153.049787
155.381941
157.664094
159.896250
162.078272
164.210165
166.291770
168.323091
170.303945
172.234332
174.114039
175.943066
177.721158
179.448313
181.124225
182.748887
184.321929
185.843336
187.312653
188.729850
190.094362
191.406137
192.664453
193.869224
195.019510
196.115167
197.154939
198.138576
199.064352
199.931826
200.738525
201.483649
202.163484
202.776477
203.316707
203.824918
204.333339
204.842055
205.351186
205.860900
206.371433
206.883117
207.396419
207.911993
208.430761
208.954016
209.483578
210.022001
210.572876
211.141248
211.734208
212.361717
213.037775
213.782055
214.622198
215.597048
216.761188
218.191318
