-28.278632
-28.252907
-28.227182
-28.201457
-28.175732
-28.150007
-28.124282
-28.098558
-28.072833
-28.047108
-28.021383
-27.995658
-27.969933
-27.944208
-27.918483
-27.892758
-27.867033
-27.841309
-27.815584
-27.789859
-27.764134
-27.738409
-27.712684
-27.686959
-27.661234
-27.635509
-27.609785
-27.584060
-27.558335
-27.532610
-27.506885
-27.481160
-27.455435
-27.429710
-27.403985
-27.378260
-27.352536
-27.326811
-27.301086
-27.275361
-27.249636
-27.223911
-27.198186
-27.172461
-27.146736
-27.121012
-27.095287
-27.069562
-27.043837
-27.018112
-26.992387
-26.966662
-26.940937
-26.915212
-26.889487
-26.863763
-26.838038
-26.812313
-26.786588
-26.760863
-26.735138
-26.709413
-26.683688
-26.657963
-26.632238
-26.606514
-26.580789
-26.555064
-26.529339
-26.503614
-26.477889
-26.452164
-26.426439
-26.400714
-26.374990
-26.349265
-26.323540
-26.297815
-26.272090
-26.246365
-26.220640
-26.194915
-26.169190
-26.143465
-26.117741
-26.092016
-26.066291
-26.040566
-26.014841
-25.989116
-25.963391
-25.937666
-25.911941
-25.886217
-25.860492
-25.834767
-25.809042
-25.783317
-25.757592
-25.731867
-25.706142
-25.680417
-25.654692
-25.628968
-25.603243
-25.577518
-25.551793
-25.526068
-25.500343
-25.474618
-25.448893
-25.423168
-25.397444
-25.371719
-25.345994
-25.320269
-25.294544
-25.268819
-25.243094
-25.217369
-25.191644
-25.165919
-25.140195
-25.114470
-25.088745
-25.063020
-25.037295
-25.011570
-24.985845
-24.960120
-24.934395
-24.908671
-24.882946
-24.857221
-24.831496
-24.805771
-24.780046
-24.754321
-24.728596
-24.702871
-24.677146
-24.651422
-24.625697
-24.599972
-24.574247
-24.548522
-24.522797
-24.497072
-24.471347
-24.445622
-24.419897
-24.394173
-24.368448
-24.342723
-24.316998
-24.291273
-24.265548
-24.239823
-24.214098
-24.188373
-24.162649
-24.136924
-24.111199
-24.085474
-24.059749
-24.034024
-24.008299
-23.982574
-23.956849
-23.931124
-23.905400
-23.879675
-23.853950
-23.828225
-23.802500
-23.776775
-23.751050
-23.725325
-23.699600
-23.673876
-23.648151
-23.622426
-23.596701
-23.570976
-23.545251
-23.519526
-23.493801
-23.468076
-23.442351
-23.416627
-23.390902
-23.365177
-23.339452
-23.313727
-23.288002
-23.262277
-23.236552
-23.210827
-23.185103
-23.159378
-23.133653
-23.107928
-23.082203
-23.056478
-23.030753
-23.005028
-22.979303
-22.953578
-22.927854
-22.902129
-22.876404
-22.850679
-22.824954
-22.799229
-22.773504
-22.747779
-22.722054
-22.696330
-22.670605
-22.644880
-22.619155
-22.593430
-22.567705
-22.541980
-22.516255
-22.490530
-22.464805
-22.439081
-22.413356
-22.387631
-22.361906
-22.336181
-22.310456
-22.284731
-22.259006
-22.233281
-22.207556
-22.181832
-22.156107
-22.130382
-22.104657
-22.078932
-22.053207
-22.027482
-22.001757
-21.976032
-21.950308
-21.924583
-21.898858
-21.873133
-21.847408
-21.821683
-21.795958
-21.770233
-21.744508
-21.718783
-21.693059
-21.667334
-21.641609
-21.615884
-21.590159
-21.564434
-21.538709
-21.512984
-21.487259
-21.461535
-21.435810
-21.410085
-21.384360
-21.358635
-21.332910
-21.307185
-21.281460
-21.255735
-21.230010
-21.204286
-21.178561
-21.152836
-21.127111
-21.101386
-21.075661
-21.049936
-21.024211
-20.998486
-20.972762
-20.947037
-20.921312
-20.895587
-20.869862
-20.844137
-20.818412
-20.792687
-20.766962
-20.741237
-20.715513
-20.689788
-20.664063
-20.638338
-20.612613
-20.586888
-20.561163
-20.535438
-20.509713
-20.483989
-20.458264
-20.432539
-20.406814
-20.381089
-20.355364
-20.329639
-20.303914
-20.278189
-20.252464
-20.226740
-20.201015
-20.175290
-20.149565
-20.123840
-20.098115
-20.072390
-20.046665
-20.020940
-19.995215
-19.969491
-19.943766
-19.918041
-19.892316
-19.866591
-19.840866
-19.815141
-19.789416
-19.763691
-19.737967
-19.712242
-19.686517
-19.660792
-19.635067
-19.609342
-19.583617
-19.557892
-19.532167
-19.506442
-19.480718
-19.454993
-19.429268
-19.403543
-19.377818
-19.352093
-19.326368
-19.300643
-19.274918
-19.249194
-19.223469
-19.197744
-19.172019
-19.146294
-19.120569
-19.094844
-19.069119
-19.043394
-19.017669
-18.991945
-18.966220
-18.940495
-18.914770
-18.889045
-18.863320
-18.837595
-18.811870
-18.786145
-18.760421
-18.734696
-18.708971
-18.683246
-18.657521
-18.631796
-18.606071
-18.580346
-18.554621
-18.528896
-18.503172
-18.477447
-18.451722
-18.425997
-18.400272
-18.374547
-18.348822
-18.323097
-18.297372
-18.271648
-18.245923
-18.220198
-18.194473
-18.168748
-18.143023
-18.117298
-18.091573
-18.065848
-18.040123
-18.014399
-17.988674
-17.962949
-17.937224
-17.911499
-17.885774
-17.860049
-17.834324
-17.808599
-17.782874
-17.757150
-17.731425
-17.705700
-17.679975
-17.654250
-17.628525
-17.602800
-17.577075
-17.551350
-17.525626
-17.499901
-17.474176
-17.448451
-17.422726
-17.397001
-17.371276
-17.345551
-17.319826
-17.294101
-17.268377
-17.242652
-17.216927
-17.191202
-17.165477
-17.139752
-17.114027
-17.088302
-17.062577
-17.036853
-17.011128
-16.985403
-16.959678
-16.933953
-16.908228
-16.882503
-16.856778
-16.831053
-16.805328
-16.779604
-16.753879
-16.728154
-16.702429
-16.676704
-16.650979
-16.625254
-16.599529
-16.573804
-16.548080
-16.522355
-16.496630
-16.470905
-16.445180
-16.419455
-16.393730
-16.368005
-16.342280
-16.316555
-16.290831
-16.265106
-16.239381
-16.213656
-16.187931
-16.162206
-16.136481
-16.110756
-16.085031
-16.059307
-16.033582
-16.007857
-15.982132
-15.956407
-15.930682
-15.904957
-15.879232
-15.853507
-15.827782
-15.802058
-15.776333
-15.750608
-15.724883
-15.699158
-15.673433
-15.647708
-15.621983
-15.596258
-15.570533
-15.544809
-15.519084
-15.493359
-15.467634
-15.441909
-15.416184
-15.390459
-15.364734
-15.339009
-15.313285
-15.287560
-15.261835
-15.236110
-15.210385
-15.184660
-15.158935
-15.133210
-15.107485
-15.081760
-15.056036
-15.030311
-15.004586
-14.978861
-14.953136
-14.927411
-14.901686
-14.875961
-14.850236
-14.824512
-14.798787
-14.773062
-14.747337
-14.721612
-14.695887
-14.670162
-14.644437
-14.618712
-14.592987
-14.567263
-14.541538
-14.515813
-14.490088
-14.464363
-14.438638
-14.412913
-14.387188
-14.361463
-14.335739
-14.310014
-14.284289
-14.258564
-14.232839
-14.207114
-14.181389
-14.155664
-14.129939
-14.104214
-14.078490
-14.052765
-14.027040
-14.001315
-13.975590
-13.949865
-13.924140
-13.898415
-13.872690
-13.846966
-13.821241
-13.795516
-13.769791
-13.744066
-13.718341
-13.692616
-13.666891
-13.641166
-13.615441
-13.589717
-13.563992
-13.538267
-13.512542
-13.486817
-13.461092
-13.435367
-13.409642
-13.383917
-13.358192
-13.332468
-13.306743
-13.281018
-13.255293
-13.229568
-13.203843
-13.178118
-13.152393
-13.126668
-13.100944
-13.075219
-13.049494
-13.023769
-12.998044
-12.972319
-12.946594
-12.920869
-12.895144
-12.869419
-12.843695
-12.817970
-12.792245
-12.766520
-12.740795
-12.715070
-12.689345
-12.663620
-12.637895
-12.612171
-12.586446
-12.560721
-12.534996
-12.509271
-12.483546
-12.457821
-12.432096
-12.406371
-12.380646
-12.354922
-12.329197
-12.303472
-12.277747
-12.252022
-12.226297
-12.200572
-12.174847
-12.149122
-12.123398
-12.097673
-12.071948
-12.046223
-12.020498
-11.994773
-11.969048
-11.943323
-11.917598
-11.891873
-11.866149
-11.840424
-11.814699
-11.788974
-11.763249
-11.737524
-11.711799
-11.686074
-11.660349
-11.634625
-11.608900
-11.583175
-11.557450
-11.531725
-11.506000
-11.480275
-11.454550
-11.428825
-11.403100
-11.377376
-11.351651
-11.325926
-11.300201
-11.274476
-11.248751
-11.223026
-11.197301
-11.171576
-11.145851
-11.120127
-11.094402
-11.068677
-11.042952
-11.017227
-10.991502
-10.965777
-10.940052
-10.914327
-10.888603
-10.862878
-10.837153
-10.811428
-10.785703
-10.759978
-10.734253
-10.708528
-10.682803
-10.657078
-10.631354
-10.605629
-10.579904
-10.554179
-10.528454
-10.502729
-10.477004
-10.451279
-10.425554
-10.399830
-10.374105
-10.348380
-10.322655
-10.296930
-10.271205
-10.245480
-10.219755
-10.194030
-10.168305
-10.142581
-10.116856
-10.091131
-10.065406
-10.039681
-10.013956
-9.988231
-9.962506
-9.936781
-9.911057
-9.885332
-9.859607
-9.833882
-9.808157
-9.782432
-9.756707
-9.730982
-9.705257
-9.679532
-9.653808
-9.628083
-9.602358
-9.576633
-9.550908
-9.525183
-9.499458
-9.473733
-9.448008
-9.422284
-9.396559
-9.370834
-9.345109
-9.319384
-9.293659
-9.267934
-9.242209
-9.216484
-9.190759
-9.165035
-9.139310
-9.113585
-9.087860
-9.062135
-9.036410
-9.010685
-8.984960
-8.959235
-8.933510
-8.907786
-8.882061
-8.856336
-8.830611
-8.804886
-8.779161
-8.753436
-8.727711
-8.701986
-8.676262
-8.650537
-8.624812
-8.599087
-8.573362
-8.547637
-8.521912
-8.496187
-8.470462
-8.444737
-8.419013
-8.393288
-8.367563
-8.341838
-8.316113
-8.290388
-8.264663
-8.238938
-8.213213
-8.187489
-8.161764
-8.136039
-8.110314
-8.084589
-8.058864
-8.033139
-8.007414
-7.981689
-7.955964
-7.930240
-7.904515
-7.878790
-7.853065
-7.827340
-7.801615
-7.775890
-7.750165
-7.724440
-7.698716
-7.672991
-7.647266
-7.621541
-7.595816
-7.570091
-7.544366
-7.518641
-7.492916
-7.467191
-7.441467
-7.415742
-7.390017
-7.364292
-7.338567
-7.312842
-7.287117
-7.261392
-7.235667
-7.209943
-7.184218
-7.158493
-7.132768
-7.107043
-7.081318
-7.055593
-7.029868
-7.004143
-6.978418
-6.952694
-6.926969
-6.901244
-6.875519
-6.849794
-6.824069
-6.798344
-6.772619
-6.746894
-6.721169
-6.695445
-6.669720
-6.643995
-6.618270
-6.592545
-6.566820
-6.541095
-6.515370
-6.489645
-6.463921
-6.438196
-6.412471
-6.386746
-6.361021
-6.335296
-6.309571
-6.283846
-6.258121
-6.232396
-6.206672
-6.180947
-6.155222
-6.129497
-6.103772
-6.078047
-6.052322
-6.026597
-6.000872
-5.975148
-5.949423
-5.923698
-5.897973
-5.872248
-5.846523
-5.820798
-5.795073
-5.769348
-5.743623
-5.717899
-5.692174
-5.666449
-5.640724
-5.614999
-5.589274
-5.563549
-5.537824
-5.512099
-5.486375
-5.460650
-5.434925
-5.409200
-5.383475
-5.357750
-5.332025
-5.306300
-5.280575
-5.254850
-5.229126
-5.203401
-5.177676
-5.151951
-5.126226
-5.100501
-5.074776
-5.049051
-5.023326
-4.997601
-4.971877
-4.946152
-4.920427
-4.894702
-4.868977
-4.843252
-4.817527
-4.791802
-4.766077
-4.740353
-4.714628
-4.688903
-4.663178
-4.637453
-4.611728
-4.586003
-4.560278
-4.534553
-4.508828
-4.483104
-4.457379
-4.431654
-4.405929
-4.380204
-4.354479
-4.328754
-4.303029
-4.277304
-4.251580
-4.225855
-4.200130
-4.174405
-4.148680
-4.122955
-4.097230
-4.071505
-4.045780
-4.020055
-3.994331
-3.968606
-3.942881
-3.917156
-3.891431
-3.865706
-3.839981
-3.814256
-3.788531
-3.762807
-3.737082
-3.711357
-3.685632
-3.659907
-3.634182
-3.608457
-3.582732
-3.557007
-3.531282
-3.505558
-3.479833
-3.454108
-3.428383
-3.402658
-3.376933
-3.351208
-3.325483
-3.299758
-3.274034
-3.248309
-3.222584
-3.196859
-3.171134
-3.145409
-3.119684
-3.093959
-3.068234
-3.042509
-3.016785
-2.991060
-2.965335
-2.939610
-2.913885
-2.888160
-2.862435
-2.836710
-2.810985
-2.785260
-2.759536
-2.733811
-2.708086
-2.682361
-2.656636
-2.630911
-2.605186
-2.579461
